Time: 0
Waiting clients
(4, 1, 3)(6, 1, 2)(1, 2, 2)(3, 2, 2)(8, 2, 2)(7, 3, 3)(9, 3, 2)(0, 4, 3)(2, 4, 3)(5, 4, 2)
Queues:
queue 0

queue 1

queue 2

queue 3

queue 4

Time: 1
Waiting clients
(1, 2, 2)(3, 2, 2)(8, 2, 2)(7, 3, 3)(9, 3, 2)(0, 4, 3)(2, 4, 3)(5, 4, 2)
Queues:
queue 0
(4, 1, 3) 
queue 1
(6, 1, 2) 
queue 2

queue 3

queue 4

Time: 2
Waiting clients
(7, 3, 3)(9, 3, 2)(0, 4, 3)(2, 4, 3)(5, 4, 2)
Queues:
queue 0
(4, 1, 2) 
queue 1
(6, 1, 1) 
queue 2
(1, 2, 2) 
queue 3
(3, 2, 2) 
queue 4
(8, 2, 2) 
Time: 3
Waiting clients
(0, 4, 3)(2, 4, 3)(5, 4, 2)
Queues:
queue 0
(4, 1, 1) (9, 3, 2) 
queue 1
(7, 3, 3) 
queue 2
(1, 2, 1) 
queue 3
(3, 2, 1) 
queue 4
(8, 2, 1) 
Time: 4
Waiting clients

Queues:
queue 0
(9, 3, 2) 
queue 1
(7, 3, 2) 
queue 2
(0, 4, 3) 
queue 3
(2, 4, 3) 
queue 4
(5, 4, 2) 
Peak hour: 5
Average waiting time: 0.1
Average service time: 2.4Time: 0
Waiting clients
(5, 4, 3)(7, 4, 6)(25, 4, 5)(30, 4, 4)(36, 4, 5)(43, 4, 5)(44, 4, 4)(48, 4, 4)(12, 5, 5)(13, 5, 5)(23, 5, 4)(32, 5, 4)(34, 5, 5)(45, 5, 5)(49, 5, 6)(11, 6, 5)(15, 6, 6)(18, 6, 3)(20, 6, 5)(26, 6, 4)(29, 6, 5)(31, 6, 4)(33, 6, 3)(40, 6, 3)(47, 6, 3)(1, 7, 6)(2, 7, 6)(3, 7, 4)(4, 7, 3)(6, 7, 3)(8, 7, 3)(21, 7, 5)(27, 7, 3)(39, 7, 3)(41, 7, 5)(16, 8, 5)(17, 8, 5)(19, 8, 4)(28, 8, 6)(37, 8, 5)(42, 8, 4)(46, 8, 4)(0, 9, 5)(9, 9, 5)(10, 9, 3)(14, 9, 4)(22, 9, 3)(24, 9, 4)(35, 9, 6)(38, 9, 5)
Queues:
queue 0

queue 1

queue 2

Time: 1
Waiting clients
(5, 4, 3)(7, 4, 6)(25, 4, 5)(30, 4, 4)(36, 4, 5)(43, 4, 5)(44, 4, 4)(48, 4, 4)(12, 5, 5)(13, 5, 5)(23, 5, 4)(32, 5, 4)(34, 5, 5)(45, 5, 5)(49, 5, 6)(11, 6, 5)(15, 6, 6)(18, 6, 3)(20, 6, 5)(26, 6, 4)(29, 6, 5)(31, 6, 4)(33, 6, 3)(40, 6, 3)(47, 6, 3)(1, 7, 6)(2, 7, 6)(3, 7, 4)(4, 7, 3)(6, 7, 3)(8, 7, 3)(21, 7, 5)(27, 7, 3)(39, 7, 3)(41, 7, 5)(16, 8, 5)(17, 8, 5)(19, 8, 4)(28, 8, 6)(37, 8, 5)(42, 8, 4)(46, 8, 4)(0, 9, 5)(9, 9, 5)(10, 9, 3)(14, 9, 4)(22, 9, 3)(24, 9, 4)(35, 9, 6)(38, 9, 5)
Queues:
queue 0

queue 1

queue 2

Time: 2
Waiting clients
(5, 4, 3)(7, 4, 6)(25, 4, 5)(30, 4, 4)(36, 4, 5)(43, 4, 5)(44, 4, 4)(48, 4, 4)(12, 5, 5)(13, 5, 5)(23, 5, 4)(32, 5, 4)(34, 5, 5)(45, 5, 5)(49, 5, 6)(11, 6, 5)(15, 6, 6)(18, 6, 3)(20, 6, 5)(26, 6, 4)(29, 6, 5)(31, 6, 4)(33, 6, 3)(40, 6, 3)(47, 6, 3)(1, 7, 6)(2, 7, 6)(3, 7, 4)(4, 7, 3)(6, 7, 3)(8, 7, 3)(21, 7, 5)(27, 7, 3)(39, 7, 3)(41, 7, 5)(16, 8, 5)(17, 8, 5)(19, 8, 4)(28, 8, 6)(37, 8, 5)(42, 8, 4)(46, 8, 4)(0, 9, 5)(9, 9, 5)(10, 9, 3)(14, 9, 4)(22, 9, 3)(24, 9, 4)(35, 9, 6)(38, 9, 5)
Queues:
queue 0

queue 1

queue 2

Time: 3
Waiting clients
(5, 4, 3)(7, 4, 6)(25, 4, 5)(30, 4, 4)(36, 4, 5)(43, 4, 5)(44, 4, 4)(48, 4, 4)(12, 5, 5)(13, 5, 5)(23, 5, 4)(32, 5, 4)(34, 5, 5)(45, 5, 5)(49, 5, 6)(11, 6, 5)(15, 6, 6)(18, 6, 3)(20, 6, 5)(26, 6, 4)(29, 6, 5)(31, 6, 4)(33, 6, 3)(40, 6, 3)(47, 6, 3)(1, 7, 6)(2, 7, 6)(3, 7, 4)(4, 7, 3)(6, 7, 3)(8, 7, 3)(21, 7, 5)(27, 7, 3)(39, 7, 3)(41, 7, 5)(16, 8, 5)(17, 8, 5)(19, 8, 4)(28, 8, 6)(37, 8, 5)(42, 8, 4)(46, 8, 4)(0, 9, 5)(9, 9, 5)(10, 9, 3)(14, 9, 4)(22, 9, 3)(24, 9, 4)(35, 9, 6)(38, 9, 5)
Queues:
queue 0

queue 1

queue 2

Time: 4
Waiting clients
(12, 5, 5)(13, 5, 5)(23, 5, 4)(32, 5, 4)(34, 5, 5)(45, 5, 5)(49, 5, 6)(11, 6, 5)(15, 6, 6)(18, 6, 3)(20, 6, 5)(26, 6, 4)(29, 6, 5)(31, 6, 4)(33, 6, 3)(40, 6, 3)(47, 6, 3)(1, 7, 6)(2, 7, 6)(3, 7, 4)(4, 7, 3)(6, 7, 3)(8, 7, 3)(21, 7, 5)(27, 7, 3)(39, 7, 3)(41, 7, 5)(16, 8, 5)(17, 8, 5)(19, 8, 4)(28, 8, 6)(37, 8, 5)(42, 8, 4)(46, 8, 4)(0, 9, 5)(9, 9, 5)(10, 9, 3)(14, 9, 4)(22, 9, 3)(24, 9, 4)(35, 9, 6)(38, 9, 5)
Queues:
queue 0
(5, 4, 3) (30, 4, 4) (44, 4, 4) 
queue 1
(7, 4, 6) (36, 4, 5) (48, 4, 4) 
queue 2
(25, 4, 5) (43, 4, 5) 
Time: 5
Waiting clients
(11, 6, 5)(15, 6, 6)(18, 6, 3)(20, 6, 5)(26, 6, 4)(29, 6, 5)(31, 6, 4)(33, 6, 3)(40, 6, 3)(47, 6, 3)(1, 7, 6)(2, 7, 6)(3, 7, 4)(4, 7, 3)(6, 7, 3)(8, 7, 3)(21, 7, 5)(27, 7, 3)(39, 7, 3)(41, 7, 5)(16, 8, 5)(17, 8, 5)(19, 8, 4)(28, 8, 6)(37, 8, 5)(42, 8, 4)(46, 8, 4)(0, 9, 5)(9, 9, 5)(10, 9, 3)(14, 9, 4)(22, 9, 3)(24, 9, 4)(35, 9, 6)(38, 9, 5)
Queues:
queue 0
(5, 4, 2) (30, 4, 4) (44, 4, 4) (13, 5, 5) (34, 5, 5) 
queue 1
(7, 4, 5) (36, 4, 5) (48, 4, 4) (23, 5, 4) (45, 5, 5) 
queue 2
(25, 4, 4) (43, 4, 5) (12, 5, 5) (32, 5, 4) (49, 5, 6) 
Time: 6
Waiting clients
(1, 7, 6)(2, 7, 6)(3, 7, 4)(4, 7, 3)(6, 7, 3)(8, 7, 3)(21, 7, 5)(27, 7, 3)(39, 7, 3)(41, 7, 5)(16, 8, 5)(17, 8, 5)(19, 8, 4)(28, 8, 6)(37, 8, 5)(42, 8, 4)(46, 8, 4)(0, 9, 5)(9, 9, 5)(10, 9, 3)(14, 9, 4)(22, 9, 3)(24, 9, 4)(35, 9, 6)(38, 9, 5)
Queues:
queue 0
(5, 4, 1) (30, 4, 4) (44, 4, 4) (13, 5, 5) (34, 5, 5) (11, 6, 5) (20, 6, 5) (31, 6, 4) (47, 6, 3) 
queue 1
(7, 4, 4) (36, 4, 5) (48, 4, 4) (23, 5, 4) (45, 5, 5) (15, 6, 6) (26, 6, 4) (33, 6, 3) 
queue 2
(25, 4, 3) (43, 4, 5) (12, 5, 5) (32, 5, 4) (49, 5, 6) (18, 6, 3) (29, 6, 5) (40, 6, 3) 
Time: 7
Waiting clients
(16, 8, 5)(17, 8, 5)(19, 8, 4)(28, 8, 6)(37, 8, 5)(42, 8, 4)(46, 8, 4)(0, 9, 5)(9, 9, 5)(10, 9, 3)(14, 9, 4)(22, 9, 3)(24, 9, 4)(35, 9, 6)(38, 9, 5)
Queues:
queue 0
(30, 4, 4) (44, 4, 4) (13, 5, 5) (34, 5, 5) (11, 6, 5) (20, 6, 5) (31, 6, 4) (47, 6, 3) (1, 7, 6) (4, 7, 3) (21, 7, 5) (41, 7, 5) 
queue 1
(7, 4, 3) (36, 4, 5) (48, 4, 4) (23, 5, 4) (45, 5, 5) (15, 6, 6) (26, 6, 4) (33, 6, 3) (2, 7, 6) (6, 7, 3) (27, 7, 3) 
queue 2
(25, 4, 2) (43, 4, 5) (12, 5, 5) (32, 5, 4) (49, 5, 6) (18, 6, 3) (29, 6, 5) (40, 6, 3) (3, 7, 4) (8, 7, 3) (39, 7, 3) 
Time: 8
Waiting clients
(0, 9, 5)(9, 9, 5)(10, 9, 3)(14, 9, 4)(22, 9, 3)(24, 9, 4)(35, 9, 6)(38, 9, 5)
Queues:
queue 0
(30, 4, 3) (44, 4, 4) (13, 5, 5) (34, 5, 5) (11, 6, 5) (20, 6, 5) (31, 6, 4) (47, 6, 3) (1, 7, 6) (4, 7, 3) (21, 7, 5) (41, 7, 5) (19, 8, 4) (42, 8, 4) 
queue 1
(7, 4, 2) (36, 4, 5) (48, 4, 4) (23, 5, 4) (45, 5, 5) (15, 6, 6) (26, 6, 4) (33, 6, 3) (2, 7, 6) (6, 7, 3) (27, 7, 3) (16, 8, 5) (28, 8, 6) (46, 8, 4) 
queue 2
(25, 4, 1) (43, 4, 5) (12, 5, 5) (32, 5, 4) (49, 5, 6) (18, 6, 3) (29, 6, 5) (40, 6, 3) (3, 7, 4) (8, 7, 3) (39, 7, 3) (17, 8, 5) (37, 8, 5) 
Time: 9
Waiting clients

Queues:
queue 0
(30, 4, 2) (44, 4, 4) (13, 5, 5) (34, 5, 5) (11, 6, 5) (20, 6, 5) (31, 6, 4) (47, 6, 3) (1, 7, 6) (4, 7, 3) (21, 7, 5) (41, 7, 5) (19, 8, 4) (42, 8, 4) (10, 9, 3) (24, 9, 4) 
queue 1
(7, 4, 1) (36, 4, 5) (48, 4, 4) (23, 5, 4) (45, 5, 5) (15, 6, 6) (26, 6, 4) (33, 6, 3) (2, 7, 6) (6, 7, 3) (27, 7, 3) (16, 8, 5) (28, 8, 6) (46, 8, 4) (14, 9, 4) (35, 9, 6) 
queue 2
(43, 4, 5) (12, 5, 5) (32, 5, 4) (49, 5, 6) (18, 6, 3) (29, 6, 5) (40, 6, 3) (3, 7, 4) (8, 7, 3) (39, 7, 3) (17, 8, 5) (37, 8, 5) (0, 9, 5) (9, 9, 5) (22, 9, 3) (38, 9, 5) 
Peak hour: 10
Average waiting time: 32.4
Average service time: 4.4Time: 0
Waiting clients
(1, 1, 2)(2, 1, 3)(3, 1, 3)(6, 1, 3)(10, 1, 3)(11, 1, 4)(15, 1, 4)(16, 1, 3)(17, 1, 3)(20, 1, 2)(27, 1, 4)(32, 1, 3)(33, 1, 3)(34, 1, 3)(52, 1, 4)(53, 1, 3)(55, 1, 2)(56, 1, 2)(57, 1, 4)(58, 1, 4)(59, 1, 3)(62, 1, 4)(63, 1, 2)(64, 1, 3)(67, 1, 2)(68, 1, 2)(69, 1, 3)(70, 1, 3)(72, 1, 4)(73, 1, 3)(82, 1, 3)(88, 1, 2)(92, 1, 4)(95, 1, 2)(96, 1, 2)(99, 1, 3)(0, 2, 3)(4, 2, 2)(8, 2, 3)(12, 2, 3)(14, 2, 4)(18, 2, 4)(21, 2, 4)(22, 2, 4)(25, 2, 2)(29, 2, 2)(35, 2, 3)(37, 2, 2)(40, 2, 2)(42, 2, 3)(47, 2, 4)(51, 2, 3)(54, 2, 4)(60, 2, 2)(61, 2, 2)(65, 2, 3)(71, 2, 2)(74, 2, 4)(81, 2, 4)(83, 2, 2)(87, 2, 3)(90, 2, 4)(93, 2, 3)(94, 2, 4)(97, 2, 4)(5, 3, 3)(7, 3, 3)(9, 3, 3)(13, 3, 4)(19, 3, 4)(23, 3, 3)(24, 3, 3)(26, 3, 4)(28, 3, 4)(30, 3, 3)(31, 3, 4)(36, 3, 3)(38, 3, 4)(39, 3, 4)(41, 3, 3)(43, 3, 4)(44, 3, 3)(45, 3, 2)(46, 3, 4)(48, 3, 3)(49, 3, 4)(50, 3, 2)(66, 3, 2)(75, 3, 4)(76, 3, 4)(77, 3, 3)(78, 3, 3)(79, 3, 2)(80, 3, 4)(84, 3, 3)(85, 3, 2)(86, 3, 2)(89, 3, 2)(91, 3, 2)(98, 3, 2)
Queues:
queue 0

queue 1

queue 2

queue 3

queue 4

Time: 1
Waiting clients
(0, 2, 3)(4, 2, 2)(8, 2, 3)(12, 2, 3)(14, 2, 4)(18, 2, 4)(21, 2, 4)(22, 2, 4)(25, 2, 2)(29, 2, 2)(35, 2, 3)(37, 2, 2)(40, 2, 2)(42, 2, 3)(47, 2, 4)(51, 2, 3)(54, 2, 4)(60, 2, 2)(61, 2, 2)(65, 2, 3)(71, 2, 2)(74, 2, 4)(81, 2, 4)(83, 2, 2)(87, 2, 3)(90, 2, 4)(93, 2, 3)(94, 2, 4)(97, 2, 4)(5, 3, 3)(7, 3, 3)(9, 3, 3)(13, 3, 4)(19, 3, 4)(23, 3, 3)(24, 3, 3)(26, 3, 4)(28, 3, 4)(30, 3, 3)(31, 3, 4)(36, 3, 3)(38, 3, 4)(39, 3, 4)(41, 3, 3)(43, 3, 4)(44, 3, 3)(45, 3, 2)(46, 3, 4)(48, 3, 3)(49, 3, 4)(50, 3, 2)(66, 3, 2)(75, 3, 4)(76, 3, 4)(77, 3, 3)(78, 3, 3)(79, 3, 2)(80, 3, 4)(84, 3, 3)(85, 3, 2)(86, 3, 2)(89, 3, 2)(91, 3, 2)(98, 3, 2)
Queues:
queue 0
(1, 1, 2) (11, 1, 4) (27, 1, 4) (53, 1, 3) (59, 1, 3) (68, 1, 2) (82, 1, 3) (99, 1, 3) 
queue 1
(2, 1, 3) (15, 1, 4) (32, 1, 3) (55, 1, 2) (62, 1, 4) (69, 1, 3) (88, 1, 2) 
queue 2
(3, 1, 3) (16, 1, 3) (33, 1, 3) (56, 1, 2) (63, 1, 2) (70, 1, 3) (92, 1, 4) 
queue 3
(6, 1, 3) (17, 1, 3) (34, 1, 3) (57, 1, 4) (64, 1, 3) (72, 1, 4) (95, 1, 2) 
queue 4
(10, 1, 3) (20, 1, 2) (52, 1, 4) (58, 1, 4) (67, 1, 2) (73, 1, 3) (96, 1, 2) 
Time: 2
Waiting clients
(5, 3, 3)(7, 3, 3)(9, 3, 3)(13, 3, 4)(19, 3, 4)(23, 3, 3)(24, 3, 3)(26, 3, 4)(28, 3, 4)(30, 3, 3)(31, 3, 4)(36, 3, 3)(38, 3, 4)(39, 3, 4)(41, 3, 3)(43, 3, 4)(44, 3, 3)(45, 3, 2)(46, 3, 4)(48, 3, 3)(49, 3, 4)(50, 3, 2)(66, 3, 2)(75, 3, 4)(76, 3, 4)(77, 3, 3)(78, 3, 3)(79, 3, 2)(80, 3, 4)(84, 3, 3)(85, 3, 2)(86, 3, 2)(89, 3, 2)(91, 3, 2)(98, 3, 2)
Queues:
queue 0
(1, 1, 1) (11, 1, 4) (27, 1, 4) (53, 1, 3) (59, 1, 3) (68, 1, 2) (82, 1, 3) (99, 1, 3) (14, 2, 4) (29, 2, 2) (47, 2, 4) (65, 2, 3) (87, 2, 3) 
queue 1
(2, 1, 2) (15, 1, 4) (32, 1, 3) (55, 1, 2) (62, 1, 4) (69, 1, 3) (88, 1, 2) (0, 2, 3) (18, 2, 4) (35, 2, 3) (51, 2, 3) (71, 2, 2) (90, 2, 4) 
queue 2
(3, 1, 2) (16, 1, 3) (33, 1, 3) (56, 1, 2) (63, 1, 2) (70, 1, 3) (92, 1, 4) (4, 2, 2) (21, 2, 4) (37, 2, 2) (54, 2, 4) (74, 2, 4) (93, 2, 3) 
queue 3
(6, 1, 2) (17, 1, 3) (34, 1, 3) (57, 1, 4) (64, 1, 3) (72, 1, 4) (95, 1, 2) (8, 2, 3) (22, 2, 4) (40, 2, 2) (60, 2, 2) (81, 2, 4) (94, 2, 4) 
queue 4
(10, 1, 2) (20, 1, 2) (52, 1, 4) (58, 1, 4) (67, 1, 2) (73, 1, 3) (96, 1, 2) (12, 2, 3) (25, 2, 2) (42, 2, 3) (61, 2, 2) (83, 2, 2) (97, 2, 4) 
Time: 3
Waiting clients

Queues:
queue 0
(11, 1, 4) (27, 1, 4) (53, 1, 3) (59, 1, 3) (68, 1, 2) (82, 1, 3) (99, 1, 3) (14, 2, 4) (29, 2, 2) (47, 2, 4) (65, 2, 3) (87, 2, 3) (5, 3, 3) (7, 3, 3) (24, 3, 3) (36, 3, 3) (44, 3, 3) (50, 3, 2) (78, 3, 3) (86, 3, 2) 
queue 1
(2, 1, 1) (15, 1, 4) (32, 1, 3) (55, 1, 2) (62, 1, 4) (69, 1, 3) (88, 1, 2) (0, 2, 3) (18, 2, 4) (35, 2, 3) (51, 2, 3) (71, 2, 2) (90, 2, 4) (9, 3, 3) (26, 3, 4) (38, 3, 4) (45, 3, 2) (66, 3, 2) (79, 3, 2) (89, 3, 2) 
queue 2
(3, 1, 1) (16, 1, 3) (33, 1, 3) (56, 1, 2) (63, 1, 2) (70, 1, 3) (92, 1, 4) (4, 2, 2) (21, 2, 4) (37, 2, 2) (54, 2, 4) (74, 2, 4) (93, 2, 3) (13, 3, 4) (28, 3, 4) (39, 3, 4) (46, 3, 4) (75, 3, 4) (80, 3, 4) (91, 3, 2) 
queue 3
(6, 1, 1) (17, 1, 3) (34, 1, 3) (57, 1, 4) (64, 1, 3) (72, 1, 4) (95, 1, 2) (8, 2, 3) (22, 2, 4) (40, 2, 2) (60, 2, 2) (81, 2, 4) (94, 2, 4) (19, 3, 4) (30, 3, 3) (41, 3, 3) (48, 3, 3) (76, 3, 4) (84, 3, 3) (98, 3, 2) 
queue 4
(10, 1, 1) (20, 1, 2) (52, 1, 4) (58, 1, 4) (67, 1, 2) (73, 1, 3) (96, 1, 2) (12, 2, 3) (25, 2, 2) (42, 2, 3) (61, 2, 2) (83, 2, 2) (97, 2, 4) (23, 3, 3) (31, 3, 4) (43, 3, 4) (49, 3, 4) (77, 3, 3) (85, 3, 2) 
Peak hour: 4
Average waiting time: 28.01
Average service time: 3.05Time: 0
Waiting clients
(4, 2, 4)(12, 2, 3)(24, 2, 4)(28, 2, 3)(31, 2, 3)(32, 2, 3)(35, 2, 4)(36, 2, 3)(37, 2, 4)(40, 2, 4)(43, 2, 4)(47, 2, 4)(0, 3, 5)(2, 3, 4)(5, 3, 4)(8, 3, 3)(10, 3, 4)(11, 3, 4)(15, 3, 3)(16, 3, 5)(17, 3, 3)(20, 3, 4)(21, 3, 4)(23, 3, 3)(25, 3, 3)(26, 3, 4)(29, 3, 3)(33, 3, 3)(38, 3, 5)(45, 3, 4)(46, 3, 3)(49, 3, 4)(1, 4, 4)(3, 4, 3)(6, 4, 5)(7, 4, 3)(9, 4, 5)(13, 4, 3)(14, 4, 5)(18, 4, 5)(19, 4, 3)(22, 4, 5)(27, 4, 3)(30, 4, 5)(34, 4, 3)(39, 4, 5)(41, 4, 3)(42, 4, 4)(44, 4, 5)(48, 4, 4)
Queues:
queue 0

queue 1

queue 2

queue 3

queue 4

queue 5

Time: 1
Waiting clients
(4, 2, 4)(12, 2, 3)(24, 2, 4)(28, 2, 3)(31, 2, 3)(32, 2, 3)(35, 2, 4)(36, 2, 3)(37, 2, 4)(40, 2, 4)(43, 2, 4)(47, 2, 4)(0, 3, 5)(2, 3, 4)(5, 3, 4)(8, 3, 3)(10, 3, 4)(11, 3, 4)(15, 3, 3)(16, 3, 5)(17, 3, 3)(20, 3, 4)(21, 3, 4)(23, 3, 3)(25, 3, 3)(26, 3, 4)(29, 3, 3)(33, 3, 3)(38, 3, 5)(45, 3, 4)(46, 3, 3)(49, 3, 4)(1, 4, 4)(3, 4, 3)(6, 4, 5)(7, 4, 3)(9, 4, 5)(13, 4, 3)(14, 4, 5)(18, 4, 5)(19, 4, 3)(22, 4, 5)(27, 4, 3)(30, 4, 5)(34, 4, 3)(39, 4, 5)(41, 4, 3)(42, 4, 4)(44, 4, 5)(48, 4, 4)
Queues:
queue 0

queue 1

queue 2

queue 3

queue 4

queue 5

Time: 2
Waiting clients
(0, 3, 5)(2, 3, 4)(5, 3, 4)(8, 3, 3)(10, 3, 4)(11, 3, 4)(15, 3, 3)(16, 3, 5)(17, 3, 3)(20, 3, 4)(21, 3, 4)(23, 3, 3)(25, 3, 3)(26, 3, 4)(29, 3, 3)(33, 3, 3)(38, 3, 5)(45, 3, 4)(46, 3, 3)(49, 3, 4)(1, 4, 4)(3, 4, 3)(6, 4, 5)(7, 4, 3)(9, 4, 5)(13, 4, 3)(14, 4, 5)(18, 4, 5)(19, 4, 3)(22, 4, 5)(27, 4, 3)(30, 4, 5)(34, 4, 3)(39, 4, 5)(41, 4, 3)(42, 4, 4)(44, 4, 5)(48, 4, 4)
Queues:
queue 0
(4, 2, 4) (35, 2, 4) 
queue 1
(12, 2, 3) (36, 2, 3) 
queue 2
(24, 2, 4) (37, 2, 4) 
queue 3
(28, 2, 3) (40, 2, 4) 
queue 4
(31, 2, 3) (43, 2, 4) 
queue 5
(32, 2, 3) (47, 2, 4) 
Time: 3
Waiting clients
(1, 4, 4)(3, 4, 3)(6, 4, 5)(7, 4, 3)(9, 4, 5)(13, 4, 3)(14, 4, 5)(18, 4, 5)(19, 4, 3)(22, 4, 5)(27, 4, 3)(30, 4, 5)(34, 4, 3)(39, 4, 5)(41, 4, 3)(42, 4, 4)(44, 4, 5)(48, 4, 4)
Queues:
queue 0
(4, 2, 3) (35, 2, 4) (0, 3, 5) (15, 3, 3) (25, 3, 3) (46, 3, 3) 
queue 1
(12, 2, 2) (36, 2, 3) (2, 3, 4) (16, 3, 5) (26, 3, 4) (49, 3, 4) 
queue 2
(24, 2, 3) (37, 2, 4) (5, 3, 4) (17, 3, 3) (29, 3, 3) 
queue 3
(28, 2, 2) (40, 2, 4) (8, 3, 3) (20, 3, 4) (33, 3, 3) 
queue 4
(31, 2, 2) (43, 2, 4) (10, 3, 4) (21, 3, 4) (38, 3, 5) 
queue 5
(32, 2, 2) (47, 2, 4) (11, 3, 4) (23, 3, 3) (45, 3, 4) 
Time: 4
Waiting clients

Queues:
queue 0
(4, 2, 2) (35, 2, 4) (0, 3, 5) (15, 3, 3) (25, 3, 3) (46, 3, 3) (9, 4, 5) (27, 4, 3) (44, 4, 5) 
queue 1
(12, 2, 1) (36, 2, 3) (2, 3, 4) (16, 3, 5) (26, 3, 4) (49, 3, 4) (13, 4, 3) (30, 4, 5) (48, 4, 4) 
queue 2
(24, 2, 2) (37, 2, 4) (5, 3, 4) (17, 3, 3) (29, 3, 3) (1, 4, 4) (14, 4, 5) (34, 4, 3) 
queue 3
(28, 2, 1) (40, 2, 4) (8, 3, 3) (20, 3, 4) (33, 3, 3) (3, 4, 3) (18, 4, 5) (39, 4, 5) 
queue 4
(31, 2, 1) (43, 2, 4) (10, 3, 4) (21, 3, 4) (38, 3, 5) (6, 4, 5) (19, 4, 3) (41, 4, 3) 
queue 5
(32, 2, 1) (47, 2, 4) (11, 3, 4) (23, 3, 3) (45, 3, 4) (7, 4, 3) (22, 4, 5) (42, 4, 4) 
Peak hour: 5
Average waiting time: 12.54
Average service time: 3.82